<?xml version="1.0"?>
<opencv_storage>
<K type_id="opencv-matrix">
  <rows>3</rows>
  <cols>3</cols>
  <dt>d</dt>
  <data>
    2.5259458252023605e+03 0. 1.0709847064958874e+03 0.
    2.5055632930180886e+03 6.7215507854852899e+02 0. 0. 1.</data></K>
<dist type_id="opencv-matrix">
  <rows>1</rows>
  <cols>5</cols>
  <dt>d</dt>
  <data>
    -1.7442633941279992e-01 1.3580837698405923e+00
    1.0119740050467185e-02 1.7589488157684359e-02
    -2.4501507672577842e+00</data></dist>
</opencv_storage>
